npoints=188, a=(73.063830,38.691489,69.808511), b=(0.294973,-0.046613,0.954368)
npoints=55, a=(36.763636,31.163636,37.127273), b=(0.942037,0.318074,0.106748)
npoints=66, a=(65.424242,67.242424,27.954545), b=(0.038504,0.930733,-0.363666)
